{
 "cells": [
  {
   "cell_type": "markdown",
   "id": "b9e869fc",
   "metadata": {},
   "source": [
    "### Inlämningsuppgift_2_Yunus_Abubakar"
   ]
  },
  {
   "cell_type": "markdown",
   "id": "b181ad59",
   "metadata": {},
   "source": [
    "## PART 1"
   ]
  },
  {
   "cell_type": "code",
   "execution_count": 1,
   "id": "76a489f8",
   "metadata": {},
   "outputs": [],
   "source": [
    "import numpy as np #import numpy\n",
    "import random #import random"
   ]
  },
  {
   "cell_type": "code",
   "execution_count": 2,
   "id": "d62949ec",
   "metadata": {},
   "outputs": [
    {
     "data": {
      "text/plain": [
       "array([[0.5488135 , 0.71518937, 0.60276338, 0.54488318, 0.4236548 ,\n",
       "        0.64589411, 0.43758721, 0.891773  , 0.96366276, 0.38344152],\n",
       "       [0.79172504, 0.52889492, 0.56804456, 0.92559664, 0.07103606,\n",
       "        0.0871293 , 0.0202184 , 0.83261985, 0.77815675, 0.87001215],\n",
       "       [0.97861834, 0.79915856, 0.46147936, 0.78052918, 0.11827443,\n",
       "        0.63992102, 0.14335329, 0.94466892, 0.52184832, 0.41466194],\n",
       "       [0.26455561, 0.77423369, 0.45615033, 0.56843395, 0.0187898 ,\n",
       "        0.6176355 , 0.61209572, 0.616934  , 0.94374808, 0.6818203 ],\n",
       "       [0.3595079 , 0.43703195, 0.6976312 , 0.06022547, 0.66676672,\n",
       "        0.67063787, 0.21038256, 0.1289263 , 0.31542835, 0.36371077]])"
      ]
     },
     "execution_count": 2,
     "metadata": {},
     "output_type": "execute_result"
    }
   ],
   "source": [
    "'''\n",
    "1. Construct an array with 10 columns and 5 rows of float numbers. No number\n",
    "must be same\n",
    "'''\n",
    "np.random.seed(0) #initialize pseudorandom number generator\n",
    "array1 = np.random.rand(50).reshape(5,10)\n",
    "array1"
   ]
  },
  {
   "cell_type": "code",
   "execution_count": 3,
   "id": "bcea46c1",
   "metadata": {},
   "outputs": [
    {
     "data": {
      "text/plain": [
       "array([[4.17022005e-01, 7.20324493e-01, 1.14374817e-04, 3.02332573e-01,\n",
       "        1.46755891e-01, 9.23385948e-02, 1.86260211e-01, 3.45560727e-01,\n",
       "        3.96767474e-01, 5.38816734e-01],\n",
       "       [4.19194514e-01, 6.85219500e-01, 2.04452250e-01, 8.78117436e-01,\n",
       "        2.73875932e-02, 6.70467510e-01, 4.17304802e-01, 5.58689828e-01,\n",
       "        1.40386939e-01, 1.98101489e-01],\n",
       "       [8.00744569e-01, 9.68261576e-01, 3.13424178e-01, 6.92322616e-01,\n",
       "        8.76389152e-01, 8.94606664e-01, 8.50442114e-02, 3.90547832e-02,\n",
       "        1.69830420e-01, 8.78142503e-01],\n",
       "       [9.83468338e-02, 4.21107625e-01, 9.57889530e-01, 5.33165285e-01,\n",
       "        6.91877114e-01, 3.15515631e-01, 6.86500928e-01, 8.34625672e-01,\n",
       "        1.82882773e-02, 7.50144315e-01],\n",
       "       [9.88861089e-01, 7.48165654e-01, 2.80443992e-01, 7.89279328e-01,\n",
       "        1.03226007e-01, 4.47893526e-01, 9.08595503e-01, 2.93614148e-01,\n",
       "        2.87775339e-01, 1.30028572e-01],\n",
       "       [1.93669579e-02, 6.78835533e-01, 2.11628116e-01, 2.65546659e-01,\n",
       "        4.91573159e-01, 5.33625451e-02, 5.74117605e-01, 1.46728575e-01,\n",
       "        5.89305537e-01, 6.99758360e-01],\n",
       "       [1.02334429e-01, 4.14055988e-01, 6.94400158e-01, 4.14179270e-01,\n",
       "        4.99534589e-02, 5.35896406e-01, 6.63794645e-01, 5.14889112e-01,\n",
       "        9.44594756e-01, 5.86555041e-01]])"
      ]
     },
     "execution_count": 3,
     "metadata": {},
     "output_type": "execute_result"
    }
   ],
   "source": [
    "'''\n",
    "2. Construct another new array with 10 columns and 7 rows of float numbers.\n",
    "It should not contain the same number as the one from the previous task.\n",
    "'''\n",
    "np.random.seed(1) #initialize pseudorandom number generator\n",
    "array2 = np.random.rand(70).reshape(7,10)\n",
    "array2"
   ]
  },
  {
   "cell_type": "code",
   "execution_count": 4,
   "id": "70527e84",
   "metadata": {},
   "outputs": [
    {
     "name": "stdout",
     "output_type": "stream",
     "text": [
      "Array1 is now being reshaped into\n",
      " [[0.5488135  0.71518937 0.60276338 0.54488318 0.4236548 ]\n",
      " [0.64589411 0.43758721 0.891773   0.96366276 0.38344152]\n",
      " [0.79172504 0.52889492 0.56804456 0.92559664 0.07103606]\n",
      " [0.0871293  0.0202184  0.83261985 0.77815675 0.87001215]\n",
      " [0.97861834 0.79915856 0.46147936 0.78052918 0.11827443]\n",
      " [0.63992102 0.14335329 0.94466892 0.52184832 0.41466194]\n",
      " [0.26455561 0.77423369 0.45615033 0.56843395 0.0187898 ]\n",
      " [0.6176355  0.61209572 0.616934   0.94374808 0.6818203 ]\n",
      " [0.3595079  0.43703195 0.6976312  0.06022547 0.66676672]\n",
      " [0.67063787 0.21038256 0.1289263  0.31542835 0.36371077]]\n",
      "\n",
      "Array2 is now being reshaped into\n",
      " [[4.17022005e-01 7.20324493e-01 1.14374817e-04 3.02332573e-01\n",
      "  1.46755891e-01]\n",
      " [9.23385948e-02 1.86260211e-01 3.45560727e-01 3.96767474e-01\n",
      "  5.38816734e-01]\n",
      " [4.19194514e-01 6.85219500e-01 2.04452250e-01 8.78117436e-01\n",
      "  2.73875932e-02]\n",
      " [6.70467510e-01 4.17304802e-01 5.58689828e-01 1.40386939e-01\n",
      "  1.98101489e-01]\n",
      " [8.00744569e-01 9.68261576e-01 3.13424178e-01 6.92322616e-01\n",
      "  8.76389152e-01]\n",
      " [8.94606664e-01 8.50442114e-02 3.90547832e-02 1.69830420e-01\n",
      "  8.78142503e-01]\n",
      " [9.83468338e-02 4.21107625e-01 9.57889530e-01 5.33165285e-01\n",
      "  6.91877114e-01]\n",
      " [3.15515631e-01 6.86500928e-01 8.34625672e-01 1.82882773e-02\n",
      "  7.50144315e-01]\n",
      " [9.88861089e-01 7.48165654e-01 2.80443992e-01 7.89279328e-01\n",
      "  1.03226007e-01]\n",
      " [4.47893526e-01 9.08595503e-01 2.93614148e-01 2.87775339e-01\n",
      "  1.30028572e-01]\n",
      " [1.93669579e-02 6.78835533e-01 2.11628116e-01 2.65546659e-01\n",
      "  4.91573159e-01]\n",
      " [5.33625451e-02 5.74117605e-01 1.46728575e-01 5.89305537e-01\n",
      "  6.99758360e-01]\n",
      " [1.02334429e-01 4.14055988e-01 6.94400158e-01 4.14179270e-01\n",
      "  4.99534589e-02]\n",
      " [5.35896406e-01 6.63794645e-01 5.14889112e-01 9.44594756e-01\n",
      "  5.86555041e-01]]\n"
     ]
    }
   ],
   "source": [
    "'''\n",
    "3. Redo the two arrays from the previous tasks so that they have 5 columns,\n",
    "with as many extra rows as needed.\n",
    "'''\n",
    "array3 = array1.reshape(-1,5)\n",
    "print(f'Array1 is now being reshaped into\\n {array3}')\n",
    "\n",
    "print()\n",
    "\n",
    "array4 = array2.reshape(-1,5)\n",
    "print(f'Array2 is now being reshaped into\\n {array4}')"
   ]
  },
  {
   "cell_type": "code",
   "execution_count": 5,
   "id": "2b87d018",
   "metadata": {},
   "outputs": [
    {
     "data": {
      "text/plain": [
       "array([[5.48813504e-01, 7.15189366e-01, 6.02763376e-01, 5.44883183e-01,\n",
       "        4.23654799e-01],\n",
       "       [6.45894113e-01, 4.37587211e-01, 8.91773001e-01, 9.63662761e-01,\n",
       "        3.83441519e-01],\n",
       "       [7.91725038e-01, 5.28894920e-01, 5.68044561e-01, 9.25596638e-01,\n",
       "        7.10360582e-02],\n",
       "       [8.71292997e-02, 2.02183974e-02, 8.32619846e-01, 7.78156751e-01,\n",
       "        8.70012148e-01],\n",
       "       [9.78618342e-01, 7.99158564e-01, 4.61479362e-01, 7.80529176e-01,\n",
       "        1.18274426e-01],\n",
       "       [6.39921021e-01, 1.43353287e-01, 9.44668917e-01, 5.21848322e-01,\n",
       "        4.14661940e-01],\n",
       "       [2.64555612e-01, 7.74233689e-01, 4.56150332e-01, 5.68433949e-01,\n",
       "        1.87898004e-02],\n",
       "       [6.17635497e-01, 6.12095723e-01, 6.16933997e-01, 9.43748079e-01,\n",
       "        6.81820299e-01],\n",
       "       [3.59507901e-01, 4.37031954e-01, 6.97631196e-01, 6.02254716e-02,\n",
       "        6.66766715e-01],\n",
       "       [6.70637870e-01, 2.10382561e-01, 1.28926298e-01, 3.15428351e-01,\n",
       "        3.63710771e-01],\n",
       "       [4.17022005e-01, 7.20324493e-01, 1.14374817e-04, 3.02332573e-01,\n",
       "        1.46755891e-01],\n",
       "       [9.23385948e-02, 1.86260211e-01, 3.45560727e-01, 3.96767474e-01,\n",
       "        5.38816734e-01],\n",
       "       [4.19194514e-01, 6.85219500e-01, 2.04452250e-01, 8.78117436e-01,\n",
       "        2.73875932e-02],\n",
       "       [6.70467510e-01, 4.17304802e-01, 5.58689828e-01, 1.40386939e-01,\n",
       "        1.98101489e-01],\n",
       "       [8.00744569e-01, 9.68261576e-01, 3.13424178e-01, 6.92322616e-01,\n",
       "        8.76389152e-01],\n",
       "       [8.94606664e-01, 8.50442114e-02, 3.90547832e-02, 1.69830420e-01,\n",
       "        8.78142503e-01],\n",
       "       [9.83468338e-02, 4.21107625e-01, 9.57889530e-01, 5.33165285e-01,\n",
       "        6.91877114e-01],\n",
       "       [3.15515631e-01, 6.86500928e-01, 8.34625672e-01, 1.82882773e-02,\n",
       "        7.50144315e-01],\n",
       "       [9.88861089e-01, 7.48165654e-01, 2.80443992e-01, 7.89279328e-01,\n",
       "        1.03226007e-01],\n",
       "       [4.47893526e-01, 9.08595503e-01, 2.93614148e-01, 2.87775339e-01,\n",
       "        1.30028572e-01],\n",
       "       [1.93669579e-02, 6.78835533e-01, 2.11628116e-01, 2.65546659e-01,\n",
       "        4.91573159e-01],\n",
       "       [5.33625451e-02, 5.74117605e-01, 1.46728575e-01, 5.89305537e-01,\n",
       "        6.99758360e-01],\n",
       "       [1.02334429e-01, 4.14055988e-01, 6.94400158e-01, 4.14179270e-01,\n",
       "        4.99534589e-02],\n",
       "       [5.35896406e-01, 6.63794645e-01, 5.14889112e-01, 9.44594756e-01,\n",
       "        5.86555041e-01]])"
      ]
     },
     "execution_count": 5,
     "metadata": {},
     "output_type": "execute_result"
    }
   ],
   "source": [
    "'''\n",
    "4. Now take the two arrays from the previous tasks and stack them into one\n",
    "array that still has five columns.\n",
    "'''\n",
    "stacked_array = np.vstack((array3, array4))\n",
    "stacked_array"
   ]
  },
  {
   "cell_type": "code",
   "execution_count": 6,
   "id": "d930d20a",
   "metadata": {},
   "outputs": [
    {
     "data": {
      "text/plain": [
       "array([[4.23654799e-01, 6.02763376e-01, 5.44883183e-01, 5.48813504e-01,\n",
       "        7.15189366e-01],\n",
       "       [3.83441519e-01, 8.91773001e-01, 9.63662761e-01, 6.45894113e-01,\n",
       "        4.37587211e-01],\n",
       "       [7.10360582e-02, 5.68044561e-01, 9.25596638e-01, 7.91725038e-01,\n",
       "        5.28894920e-01],\n",
       "       [8.70012148e-01, 8.32619846e-01, 7.78156751e-01, 8.71292997e-02,\n",
       "        2.02183974e-02],\n",
       "       [1.18274426e-01, 4.61479362e-01, 7.80529176e-01, 9.78618342e-01,\n",
       "        7.99158564e-01],\n",
       "       [4.14661940e-01, 9.44668917e-01, 5.21848322e-01, 6.39921021e-01,\n",
       "        1.43353287e-01],\n",
       "       [1.87898004e-02, 4.56150332e-01, 5.68433949e-01, 2.64555612e-01,\n",
       "        7.74233689e-01],\n",
       "       [6.81820299e-01, 6.16933997e-01, 9.43748079e-01, 6.17635497e-01,\n",
       "        6.12095723e-01],\n",
       "       [6.66766715e-01, 6.97631196e-01, 6.02254716e-02, 3.59507901e-01,\n",
       "        4.37031954e-01],\n",
       "       [3.63710771e-01, 1.28926298e-01, 3.15428351e-01, 6.70637870e-01,\n",
       "        2.10382561e-01],\n",
       "       [1.46755891e-01, 1.14374817e-04, 3.02332573e-01, 4.17022005e-01,\n",
       "        7.20324493e-01],\n",
       "       [5.38816734e-01, 3.45560727e-01, 3.96767474e-01, 9.23385948e-02,\n",
       "        1.86260211e-01],\n",
       "       [2.73875932e-02, 2.04452250e-01, 8.78117436e-01, 4.19194514e-01,\n",
       "        6.85219500e-01],\n",
       "       [1.98101489e-01, 5.58689828e-01, 1.40386939e-01, 6.70467510e-01,\n",
       "        4.17304802e-01],\n",
       "       [8.76389152e-01, 3.13424178e-01, 6.92322616e-01, 8.00744569e-01,\n",
       "        9.68261576e-01],\n",
       "       [8.78142503e-01, 3.90547832e-02, 1.69830420e-01, 8.94606664e-01,\n",
       "        8.50442114e-02],\n",
       "       [6.91877114e-01, 9.57889530e-01, 5.33165285e-01, 9.83468338e-02,\n",
       "        4.21107625e-01],\n",
       "       [7.50144315e-01, 8.34625672e-01, 1.82882773e-02, 3.15515631e-01,\n",
       "        6.86500928e-01],\n",
       "       [1.03226007e-01, 2.80443992e-01, 7.89279328e-01, 9.88861089e-01,\n",
       "        7.48165654e-01],\n",
       "       [1.30028572e-01, 2.93614148e-01, 2.87775339e-01, 4.47893526e-01,\n",
       "        9.08595503e-01],\n",
       "       [4.91573159e-01, 2.11628116e-01, 2.65546659e-01, 1.93669579e-02,\n",
       "        6.78835533e-01],\n",
       "       [6.99758360e-01, 1.46728575e-01, 5.89305537e-01, 5.33625451e-02,\n",
       "        5.74117605e-01],\n",
       "       [4.99534589e-02, 6.94400158e-01, 4.14179270e-01, 1.02334429e-01,\n",
       "        4.14055988e-01],\n",
       "       [5.86555041e-01, 5.14889112e-01, 9.44594756e-01, 5.35896406e-01,\n",
       "        6.63794645e-01]])"
      ]
     },
     "execution_count": 6,
     "metadata": {},
     "output_type": "execute_result"
    }
   ],
   "source": [
    "'''\n",
    "5. Change the order of the columns so that they come in the order column5,\n",
    "column3, column4, column1, column2\n",
    "'''\n",
    "rearranged_array = stacked_array[:, [4,2,3,0,1]]\n",
    "rearranged_array"
   ]
  },
  {
   "cell_type": "markdown",
   "id": "b0da55b8",
   "metadata": {},
   "source": [
    "## PART 2"
   ]
  },
  {
   "cell_type": "code",
   "execution_count": 7,
   "id": "6de42809",
   "metadata": {},
   "outputs": [],
   "source": [
    "import pandas as pd #import pandas\n",
    "assults = pd.read_csv('assults.csv') #load data"
   ]
  },
  {
   "cell_type": "code",
   "execution_count": 8,
   "id": "883e2eda",
   "metadata": {},
   "outputs": [
    {
     "data": {
      "text/html": [
       "<div>\n",
       "<style scoped>\n",
       "    .dataframe tbody tr th:only-of-type {\n",
       "        vertical-align: middle;\n",
       "    }\n",
       "\n",
       "    .dataframe tbody tr th {\n",
       "        vertical-align: top;\n",
       "    }\n",
       "\n",
       "    .dataframe thead th {\n",
       "        text-align: right;\n",
       "    }\n",
       "</style>\n",
       "<table border=\"1\" class=\"dataframe\">\n",
       "  <thead>\n",
       "    <tr style=\"text-align: right;\">\n",
       "      <th></th>\n",
       "      <th>Index</th>\n",
       "      <th>Area_unit_2013_code</th>\n",
       "      <th>Area_unit_2013_label</th>\n",
       "      <th>Victimisations_calendar_year_2015</th>\n",
       "      <th>Population_mid_point_2015</th>\n",
       "      <th>Rate_per_10000_population</th>\n",
       "      <th>Rate_ratio_NZ_average_rate</th>\n",
       "      <th>Urban_area_2013_code</th>\n",
       "      <th>Urban_area_2013_label</th>\n",
       "      <th>Urban_area_type</th>\n",
       "      <th>Territorial_authority_area_2013_code</th>\n",
       "      <th>Territorial_authority_area_2013_label</th>\n",
       "      <th>Region_2013_code</th>\n",
       "      <th>Region_2013_label</th>\n",
       "    </tr>\n",
       "  </thead>\n",
       "  <tbody>\n",
       "    <tr>\n",
       "      <th>0</th>\n",
       "      <td>1</td>\n",
       "      <td>514102</td>\n",
       "      <td>Auckland Central West</td>\n",
       "      <td>550</td>\n",
       "      <td>15900</td>\n",
       "      <td>346</td>\n",
       "      <td>6.6</td>\n",
       "      <td>4</td>\n",
       "      <td>Central Auckland Zone</td>\n",
       "      <td>Main urban area</td>\n",
       "      <td>76</td>\n",
       "      <td>Auckland</td>\n",
       "      <td>2</td>\n",
       "      <td>Auckland Region</td>\n",
       "    </tr>\n",
       "    <tr>\n",
       "      <th>1</th>\n",
       "      <td>2</td>\n",
       "      <td>573101</td>\n",
       "      <td>Willis Street-Cambridge Terrace</td>\n",
       "      <td>447</td>\n",
       "      <td>8300</td>\n",
       "      <td>539</td>\n",
       "      <td>10.3</td>\n",
       "      <td>20</td>\n",
       "      <td>Wellington Zone</td>\n",
       "      <td>Main urban area</td>\n",
       "      <td>47</td>\n",
       "      <td>Wellington City</td>\n",
       "      <td>9</td>\n",
       "      <td>Wellington Region</td>\n",
       "    </tr>\n",
       "    <tr>\n",
       "      <th>2</th>\n",
       "      <td>3</td>\n",
       "      <td>529700</td>\n",
       "      <td>Hamilton Central</td>\n",
       "      <td>380</td>\n",
       "      <td>3170</td>\n",
       "      <td>1,199</td>\n",
       "      <td>22.9</td>\n",
       "      <td>6</td>\n",
       "      <td>Hamilton Zone</td>\n",
       "      <td>Main urban area</td>\n",
       "      <td>16</td>\n",
       "      <td>Hamilton City</td>\n",
       "      <td>3</td>\n",
       "      <td>Waikato Region</td>\n",
       "    </tr>\n",
       "    <tr>\n",
       "      <th>3</th>\n",
       "      <td>4</td>\n",
       "      <td>514103</td>\n",
       "      <td>Auckland Central East</td>\n",
       "      <td>375</td>\n",
       "      <td>13250</td>\n",
       "      <td>283</td>\n",
       "      <td>5.4</td>\n",
       "      <td>4</td>\n",
       "      <td>Central Auckland Zone</td>\n",
       "      <td>Main urban area</td>\n",
       "      <td>76</td>\n",
       "      <td>Auckland</td>\n",
       "      <td>2</td>\n",
       "      <td>Auckland Region</td>\n",
       "    </tr>\n",
       "    <tr>\n",
       "      <th>4</th>\n",
       "      <td>5</td>\n",
       "      <td>591500</td>\n",
       "      <td>Cathedral Square</td>\n",
       "      <td>305</td>\n",
       "      <td>570</td>\n",
       "      <td>5,351</td>\n",
       "      <td>102.3</td>\n",
       "      <td>22</td>\n",
       "      <td>Christchurch</td>\n",
       "      <td>Main urban area</td>\n",
       "      <td>60</td>\n",
       "      <td>Christchurch City</td>\n",
       "      <td>13</td>\n",
       "      <td>Canterbury Region</td>\n",
       "    </tr>\n",
       "  </tbody>\n",
       "</table>\n",
       "</div>"
      ],
      "text/plain": [
       "   Index  Area_unit_2013_code             Area_unit_2013_label  \\\n",
       "0      1               514102            Auckland Central West   \n",
       "1      2               573101  Willis Street-Cambridge Terrace   \n",
       "2      3               529700                 Hamilton Central   \n",
       "3      4               514103            Auckland Central East   \n",
       "4      5               591500                 Cathedral Square   \n",
       "\n",
       "   Victimisations_calendar_year_2015  Population_mid_point_2015  \\\n",
       "0                                550                      15900   \n",
       "1                                447                       8300   \n",
       "2                                380                       3170   \n",
       "3                                375                      13250   \n",
       "4                                305                        570   \n",
       "\n",
       "  Rate_per_10000_population  Rate_ratio_NZ_average_rate  Urban_area_2013_code  \\\n",
       "0                       346                         6.6                     4   \n",
       "1                       539                        10.3                    20   \n",
       "2                     1,199                        22.9                     6   \n",
       "3                       283                         5.4                     4   \n",
       "4                     5,351                       102.3                    22   \n",
       "\n",
       "   Urban_area_2013_label  Urban_area_type  \\\n",
       "0  Central Auckland Zone  Main urban area   \n",
       "1        Wellington Zone  Main urban area   \n",
       "2          Hamilton Zone  Main urban area   \n",
       "3  Central Auckland Zone  Main urban area   \n",
       "4           Christchurch  Main urban area   \n",
       "\n",
       "   Territorial_authority_area_2013_code Territorial_authority_area_2013_label  \\\n",
       "0                                    76                              Auckland   \n",
       "1                                    47                       Wellington City   \n",
       "2                                    16                         Hamilton City   \n",
       "3                                    76                              Auckland   \n",
       "4                                    60                     Christchurch City   \n",
       "\n",
       "   Region_2013_code  Region_2013_label  \n",
       "0                 2    Auckland Region  \n",
       "1                 9  Wellington Region  \n",
       "2                 3     Waikato Region  \n",
       "3                 2    Auckland Region  \n",
       "4                13  Canterbury Region  "
      ]
     },
     "execution_count": 8,
     "metadata": {},
     "output_type": "execute_result"
    }
   ],
   "source": [
    "assults.head() #view first 5 rows of the dataset"
   ]
  },
  {
   "cell_type": "code",
   "execution_count": 9,
   "id": "bdb4b12c",
   "metadata": {},
   "outputs": [
    {
     "data": {
      "text/plain": [
       "17"
      ]
     },
     "execution_count": 9,
     "metadata": {},
     "output_type": "execute_result"
    }
   ],
   "source": [
    "'''\n",
    "1. How many regions are included in the data? The regions can be found under \"Region_2013_label\".\n",
    "'''\n",
    "assults[\"Region_2013_label\"].nunique()"
   ]
  },
  {
   "cell_type": "code",
   "execution_count": 10,
   "id": "80a1b8c2",
   "metadata": {},
   "outputs": [
    {
     "data": {
      "text/plain": [
       "['Area Outside Region',\n",
       " 'Auckland Region',\n",
       " 'Bay of Plenty Region',\n",
       " 'Canterbury Region',\n",
       " 'Gisborne Region',\n",
       " \"Hawke's Bay Region\",\n",
       " 'Manawatu-Wanganui Region',\n",
       " 'Marlborough Region',\n",
       " 'Nelson Region',\n",
       " 'Northland Region',\n",
       " 'Otago Region',\n",
       " 'Southland Region',\n",
       " 'Taranaki Region',\n",
       " 'Tasman Region',\n",
       " 'Waikato Region',\n",
       " 'Wellington Region',\n",
       " 'West Coast Region']"
      ]
     },
     "execution_count": 10,
     "metadata": {},
     "output_type": "execute_result"
    }
   ],
   "source": [
    "''' \n",
    "2. List the regions in alphabetical order.\n",
    "'''\n",
    "sorted(assults[\"Region_2013_label\"].unique())"
   ]
  },
  {
   "cell_type": "code",
   "execution_count": 11,
   "id": "17aef504",
   "metadata": {},
   "outputs": [
    {
     "data": {
      "text/plain": [
       "Region_2013_label\n",
       "Area Outside Region             610\n",
       "Auckland Region             1569890\n",
       "Bay of Plenty Region         287130\n",
       "Canterbury Region            586310\n",
       "Gisborne Region               47370\n",
       "Hawke's Bay Region           160010\n",
       "Manawatu-Wanganui Region     234460\n",
       "Marlborough Region            45340\n",
       "Nelson Region                 49940\n",
       "Northland Region             168320\n",
       "Otago Region                 215030\n",
       "Southland Region              97190\n",
       "Taranaki Region              115760\n",
       "Tasman Region                 49500\n",
       "Waikato Region               439000\n",
       "Wellington Region            496890\n",
       "West Coast Region             32700\n",
       "Name: Population_mid_point_2015, dtype: int64"
      ]
     },
     "execution_count": 11,
     "metadata": {},
     "output_type": "execute_result"
    }
   ],
   "source": [
    "'''\n",
    "3. What was the population of each region in the middle of the year 2015? Use Pandas to display\n",
    "'''\n",
    "region_population = assults.groupby(\"Region_2013_label\")[\"Population_mid_point_2015\"].sum()\n",
    "region_population"
   ]
  },
  {
   "cell_type": "code",
   "execution_count": 12,
   "id": "99859d37",
   "metadata": {},
   "outputs": [
    {
     "data": {
      "text/plain": [
       "Region_2013_label\n",
       "Area Outside Region            0\n",
       "Auckland Region             8010\n",
       "Bay of Plenty Region        1751\n",
       "Canterbury Region           2942\n",
       "Gisborne Region              436\n",
       "Hawke's Bay Region          1068\n",
       "Manawatu-Wanganui Region    1270\n",
       "Marlborough Region           209\n",
       "Nelson Region                357\n",
       "Northland Region             905\n",
       "Otago Region                1142\n",
       "Southland Region             381\n",
       "Taranaki Region              493\n",
       "Tasman Region                161\n",
       "Waikato Region              2330\n",
       "Wellington Region           2459\n",
       "West Coast Region            121\n",
       "Name: Victimisations_calendar_year_2015, dtype: int64"
      ]
     },
     "execution_count": 12,
     "metadata": {},
     "output_type": "execute_result"
    }
   ],
   "source": [
    "'''\n",
    "4. How many crimes were committed in each region in 2015? You will find the crimes in the \n",
    "column \"Victimizations_calendar_year_2015\n",
    "'''\n",
    "assults.groupby(\"Region_2013_label\")[\"Victimisations_calendar_year_2015\"].sum()"
   ]
  },
  {
   "cell_type": "code",
   "execution_count": 13,
   "id": "1da9f55a",
   "metadata": {},
   "outputs": [
    {
     "data": {
      "text/plain": [
       "Area_unit_2013_label\n",
       "Auckland Central West              550\n",
       "Willis Street-Cambridge Terrace    447\n",
       "Hamilton Central                   380\n",
       "Auckland Central East              375\n",
       "Cathedral Square                   305\n",
       "Auckland Harbourside               253\n",
       "Manukau Central                    192\n",
       "Palmerston North Central           190\n",
       "Kuirau                             168\n",
       "Tauranga Central                   167\n",
       "Name: Victimisations_calendar_year_2015, dtype: int64"
      ]
     },
     "execution_count": 13,
     "metadata": {},
     "output_type": "execute_result"
    }
   ],
   "source": [
    "'''\n",
    "5. Show the 10 areas with the highest number of assaults. Areas are \"Area_unit_2013_label\".\n",
    "'''\n",
    "assults.groupby(\"Area_unit_2013_label\")[\"Victimisations_calendar_year_2015\"].sum().sort_values(ascending = False).head(10)"
   ]
  },
  {
   "cell_type": "code",
   "execution_count": 14,
   "id": "a11cc0fd",
   "metadata": {},
   "outputs": [],
   "source": [
    "'''\n",
    "6. Add a column to the dataframe that shows the % number of assaults in the area compared to population in the area. \n",
    "Each row is an area.\n",
    "'''\n",
    "assults_copy = assults.copy()\n",
    "assults_copy[\"percentage_assult\"] = (assults_copy[\"Victimisations_calendar_year_2015\"] / assults_copy[\"Population_mid_point_2015\"] * 100)"
   ]
  },
  {
   "cell_type": "code",
   "execution_count": 15,
   "id": "4be2cb07",
   "metadata": {},
   "outputs": [
    {
     "data": {
      "text/html": [
       "<div>\n",
       "<style scoped>\n",
       "    .dataframe tbody tr th:only-of-type {\n",
       "        vertical-align: middle;\n",
       "    }\n",
       "\n",
       "    .dataframe tbody tr th {\n",
       "        vertical-align: top;\n",
       "    }\n",
       "\n",
       "    .dataframe thead th {\n",
       "        text-align: right;\n",
       "    }\n",
       "</style>\n",
       "<table border=\"1\" class=\"dataframe\">\n",
       "  <thead>\n",
       "    <tr style=\"text-align: right;\">\n",
       "      <th></th>\n",
       "      <th>Index</th>\n",
       "      <th>Area_unit_2013_code</th>\n",
       "      <th>Area_unit_2013_label</th>\n",
       "      <th>Victimisations_calendar_year_2015</th>\n",
       "      <th>Population_mid_point_2015</th>\n",
       "      <th>Rate_per_10000_population</th>\n",
       "      <th>Rate_ratio_NZ_average_rate</th>\n",
       "      <th>Urban_area_2013_code</th>\n",
       "      <th>Urban_area_2013_label</th>\n",
       "      <th>Urban_area_type</th>\n",
       "      <th>Territorial_authority_area_2013_code</th>\n",
       "      <th>Territorial_authority_area_2013_label</th>\n",
       "      <th>Region_2013_code</th>\n",
       "      <th>Region_2013_label</th>\n",
       "      <th>percentage_assult</th>\n",
       "    </tr>\n",
       "  </thead>\n",
       "  <tbody>\n",
       "    <tr>\n",
       "      <th>0</th>\n",
       "      <td>1</td>\n",
       "      <td>514102</td>\n",
       "      <td>Auckland Central West</td>\n",
       "      <td>550</td>\n",
       "      <td>15900</td>\n",
       "      <td>346</td>\n",
       "      <td>6.6</td>\n",
       "      <td>4</td>\n",
       "      <td>Central Auckland Zone</td>\n",
       "      <td>Main urban area</td>\n",
       "      <td>76</td>\n",
       "      <td>Auckland</td>\n",
       "      <td>2</td>\n",
       "      <td>Auckland Region</td>\n",
       "      <td>3.459119</td>\n",
       "    </tr>\n",
       "    <tr>\n",
       "      <th>1</th>\n",
       "      <td>2</td>\n",
       "      <td>573101</td>\n",
       "      <td>Willis Street-Cambridge Terrace</td>\n",
       "      <td>447</td>\n",
       "      <td>8300</td>\n",
       "      <td>539</td>\n",
       "      <td>10.3</td>\n",
       "      <td>20</td>\n",
       "      <td>Wellington Zone</td>\n",
       "      <td>Main urban area</td>\n",
       "      <td>47</td>\n",
       "      <td>Wellington City</td>\n",
       "      <td>9</td>\n",
       "      <td>Wellington Region</td>\n",
       "      <td>5.385542</td>\n",
       "    </tr>\n",
       "    <tr>\n",
       "      <th>2</th>\n",
       "      <td>3</td>\n",
       "      <td>529700</td>\n",
       "      <td>Hamilton Central</td>\n",
       "      <td>380</td>\n",
       "      <td>3170</td>\n",
       "      <td>1,199</td>\n",
       "      <td>22.9</td>\n",
       "      <td>6</td>\n",
       "      <td>Hamilton Zone</td>\n",
       "      <td>Main urban area</td>\n",
       "      <td>16</td>\n",
       "      <td>Hamilton City</td>\n",
       "      <td>3</td>\n",
       "      <td>Waikato Region</td>\n",
       "      <td>11.987382</td>\n",
       "    </tr>\n",
       "    <tr>\n",
       "      <th>3</th>\n",
       "      <td>4</td>\n",
       "      <td>514103</td>\n",
       "      <td>Auckland Central East</td>\n",
       "      <td>375</td>\n",
       "      <td>13250</td>\n",
       "      <td>283</td>\n",
       "      <td>5.4</td>\n",
       "      <td>4</td>\n",
       "      <td>Central Auckland Zone</td>\n",
       "      <td>Main urban area</td>\n",
       "      <td>76</td>\n",
       "      <td>Auckland</td>\n",
       "      <td>2</td>\n",
       "      <td>Auckland Region</td>\n",
       "      <td>2.830189</td>\n",
       "    </tr>\n",
       "    <tr>\n",
       "      <th>4</th>\n",
       "      <td>5</td>\n",
       "      <td>591500</td>\n",
       "      <td>Cathedral Square</td>\n",
       "      <td>305</td>\n",
       "      <td>570</td>\n",
       "      <td>5,351</td>\n",
       "      <td>102.3</td>\n",
       "      <td>22</td>\n",
       "      <td>Christchurch</td>\n",
       "      <td>Main urban area</td>\n",
       "      <td>60</td>\n",
       "      <td>Christchurch City</td>\n",
       "      <td>13</td>\n",
       "      <td>Canterbury Region</td>\n",
       "      <td>53.508772</td>\n",
       "    </tr>\n",
       "  </tbody>\n",
       "</table>\n",
       "</div>"
      ],
      "text/plain": [
       "   Index  Area_unit_2013_code             Area_unit_2013_label  \\\n",
       "0      1               514102            Auckland Central West   \n",
       "1      2               573101  Willis Street-Cambridge Terrace   \n",
       "2      3               529700                 Hamilton Central   \n",
       "3      4               514103            Auckland Central East   \n",
       "4      5               591500                 Cathedral Square   \n",
       "\n",
       "   Victimisations_calendar_year_2015  Population_mid_point_2015  \\\n",
       "0                                550                      15900   \n",
       "1                                447                       8300   \n",
       "2                                380                       3170   \n",
       "3                                375                      13250   \n",
       "4                                305                        570   \n",
       "\n",
       "  Rate_per_10000_population  Rate_ratio_NZ_average_rate  Urban_area_2013_code  \\\n",
       "0                       346                         6.6                     4   \n",
       "1                       539                        10.3                    20   \n",
       "2                     1,199                        22.9                     6   \n",
       "3                       283                         5.4                     4   \n",
       "4                     5,351                       102.3                    22   \n",
       "\n",
       "   Urban_area_2013_label  Urban_area_type  \\\n",
       "0  Central Auckland Zone  Main urban area   \n",
       "1        Wellington Zone  Main urban area   \n",
       "2          Hamilton Zone  Main urban area   \n",
       "3  Central Auckland Zone  Main urban area   \n",
       "4           Christchurch  Main urban area   \n",
       "\n",
       "   Territorial_authority_area_2013_code Territorial_authority_area_2013_label  \\\n",
       "0                                    76                              Auckland   \n",
       "1                                    47                       Wellington City   \n",
       "2                                    16                         Hamilton City   \n",
       "3                                    76                              Auckland   \n",
       "4                                    60                     Christchurch City   \n",
       "\n",
       "   Region_2013_code  Region_2013_label  percentage_assult  \n",
       "0                 2    Auckland Region           3.459119  \n",
       "1                 9  Wellington Region           5.385542  \n",
       "2                 3     Waikato Region          11.987382  \n",
       "3                 2    Auckland Region           2.830189  \n",
       "4                13  Canterbury Region          53.508772  "
      ]
     },
     "execution_count": 15,
     "metadata": {},
     "output_type": "execute_result"
    }
   ],
   "source": [
    "assults_copy.head()"
   ]
  },
  {
   "cell_type": "code",
   "execution_count": 16,
   "id": "acc0fb6b",
   "metadata": {},
   "outputs": [
    {
     "data": {
      "text/html": [
       "<div>\n",
       "<style scoped>\n",
       "    .dataframe tbody tr th:only-of-type {\n",
       "        vertical-align: middle;\n",
       "    }\n",
       "\n",
       "    .dataframe tbody tr th {\n",
       "        vertical-align: top;\n",
       "    }\n",
       "\n",
       "    .dataframe thead th {\n",
       "        text-align: right;\n",
       "    }\n",
       "</style>\n",
       "<table border=\"1\" class=\"dataframe\">\n",
       "  <thead>\n",
       "    <tr style=\"text-align: right;\">\n",
       "      <th></th>\n",
       "      <th>Urban_area_2013_label</th>\n",
       "      <th>Number_of_areas</th>\n",
       "    </tr>\n",
       "  </thead>\n",
       "  <tbody>\n",
       "    <tr>\n",
       "      <th>0</th>\n",
       "      <td>Alexandra</td>\n",
       "      <td>1</td>\n",
       "    </tr>\n",
       "    <tr>\n",
       "      <th>1</th>\n",
       "      <td>Amberley</td>\n",
       "      <td>1</td>\n",
       "    </tr>\n",
       "    <tr>\n",
       "      <th>2</th>\n",
       "      <td>Arrowtown</td>\n",
       "      <td>1</td>\n",
       "    </tr>\n",
       "    <tr>\n",
       "      <th>3</th>\n",
       "      <td>Ashburton</td>\n",
       "      <td>11</td>\n",
       "    </tr>\n",
       "    <tr>\n",
       "      <th>4</th>\n",
       "      <td>Balclutha</td>\n",
       "      <td>1</td>\n",
       "    </tr>\n",
       "    <tr>\n",
       "      <th>...</th>\n",
       "      <td>...</td>\n",
       "      <td>...</td>\n",
       "    </tr>\n",
       "    <tr>\n",
       "      <th>145</th>\n",
       "      <td>Whangarei</td>\n",
       "      <td>29</td>\n",
       "    </tr>\n",
       "    <tr>\n",
       "      <th>146</th>\n",
       "      <td>Whitianga</td>\n",
       "      <td>1</td>\n",
       "    </tr>\n",
       "    <tr>\n",
       "      <th>147</th>\n",
       "      <td>Winton</td>\n",
       "      <td>1</td>\n",
       "    </tr>\n",
       "    <tr>\n",
       "      <th>148</th>\n",
       "      <td>Woodend</td>\n",
       "      <td>3</td>\n",
       "    </tr>\n",
       "    <tr>\n",
       "      <th>149</th>\n",
       "      <td>Woodville</td>\n",
       "      <td>1</td>\n",
       "    </tr>\n",
       "  </tbody>\n",
       "</table>\n",
       "<p>150 rows × 2 columns</p>\n",
       "</div>"
      ],
      "text/plain": [
       "    Urban_area_2013_label  Number_of_areas\n",
       "0               Alexandra                1\n",
       "1                Amberley                1\n",
       "2               Arrowtown                1\n",
       "3               Ashburton               11\n",
       "4               Balclutha                1\n",
       "..                    ...              ...\n",
       "145             Whangarei               29\n",
       "146             Whitianga                1\n",
       "147                Winton                1\n",
       "148               Woodend                3\n",
       "149             Woodville                1\n",
       "\n",
       "[150 rows x 2 columns]"
      ]
     },
     "execution_count": 16,
     "metadata": {},
     "output_type": "execute_result"
    }
   ],
   "source": [
    "'''\n",
    "7. Create a new dataframe that contains the number of areas (Area_unit_2013_label) that exist \n",
    "of the different types of urban area (Urban_area_2013_label).\n",
    "'''\n",
    "urban_area = assults.groupby(\"Urban_area_2013_label\")[\"Area_unit_2013_label\"].count()\n",
    "df_urban_area = pd.DataFrame(urban_area)\n",
    "df_urban_area = df_urban_area.reset_index()\n",
    "new_dataframe = df_urban_area.rename(columns = {\"Area_unit_2013_label\": \"Number_of_areas\"})\n",
    "new_dataframe\n"
   ]
  },
  {
   "cell_type": "code",
   "execution_count": 17,
   "id": "a1eae61d",
   "metadata": {},
   "outputs": [
    {
     "data": {
      "text/html": [
       "<div>\n",
       "<style scoped>\n",
       "    .dataframe tbody tr th:only-of-type {\n",
       "        vertical-align: middle;\n",
       "    }\n",
       "\n",
       "    .dataframe tbody tr th {\n",
       "        vertical-align: top;\n",
       "    }\n",
       "\n",
       "    .dataframe thead th {\n",
       "        text-align: right;\n",
       "    }\n",
       "</style>\n",
       "<table border=\"1\" class=\"dataframe\">\n",
       "  <thead>\n",
       "    <tr style=\"text-align: right;\">\n",
       "      <th></th>\n",
       "      <th>Index</th>\n",
       "      <th>Area_unit_2013_code</th>\n",
       "      <th>Area_unit_2013_label</th>\n",
       "      <th>Victimisations_calendar_year_2015</th>\n",
